275
340
941
980
1016
1166
1215
1373
2026
2169
2258
2456
2770
2993
3019
3214
3541
3659
4060
4169
4208
4417
4443
5044
5397
5514
5645
6155
6380
6625
6795
7004
7579
7761
7775
7895
8311
8455
8559
8660
8794
8987
8990
9304
9396
9705
10074
10571
10584
10610
10688
11067
11760
11849
11852
12426
13158
13250
13367
13498
13825
13874
14125
14230
14308
14543
14559
15389
15758
15787
15824
16124
16150
16280
16425
16843
17016
17049
17260
17365
17486
17667
17931
18294
18689
18815
18999
19221
19338
19469
19486
19600
19875
19979
20071
20204
20254
20279
20306
20603
20685
20750
21011
21272
21337
21821
22148
23679
23755
23791
23873
24111
24133
24356
24408
24526
24670
24958
25062
25340
25872
26071
26208
26238
26250
26264
26342
26524
26868
27453
27662
27924
28383
28589
29021
29060
29229
29533
29713
29907
29974
30040
30171
30249
30442
30840
30873
31555
32153
32210
32402
32640
32745
32823
32833
33162
33293
34130
34247
34313
34521
34930